152,6
152,4
503,62
152,16
502,4
25,25
25,8
503,128
503,80
503,67
503,79
2,9
2,8
2,7
2,6
2,4
2,2
1,8
1,7
1,6
1,4
1,2
0,510
0,506
0,505
0,504
0,502
0,500
0,499
0,498
0,497
0,496
0,491
0,483
0,474
0,473
0,464
0,458
0,457
0,456
0,454
0,451
0,449
0,448
0,447
0,443
0,442
0,437
0,434
0,424
0,421
0,415
0,411
0,409
0,394
0,392
0,391
0,383
0,380
0,374
0,370
0,368
0,365
0,363
0,359
0,357
0,355
0,354
0,352
0,348
0,347
0,341
0,339
0,338
0,332
0,331
0,325
0,322
0,321
0,313
0,243
61,8
61,6
61,5
61,4
61,7
61,1
61,3
0,445
0,375
61,0
503,75
503,1
503,3
0,333
0,326
1,1
503,0
0,511
1,5
1,3
1,0
2,104
2,1
2,13
2,3
2,0
0,507
0,9
0,310
0,305
0,379
0,369
0,349
0,484
0,461
0,455
0,450
0,446
0,431
0,371
0,465
0,466
0,453
0,490
0,452
0,459
0,389
0,460
0,323
0,308
0,304
0,303
0,302
0,307
0,444
0,12
0,373
0,10
0,475
0,8
0,0
0,489
0,300
0,299
0,423
0,298
0,436
0,297
0,486
0,296
0,417
0,295
0,471
0,294
0,402
0,293
0,312
0,292
0,441
0,291
0,290
0,413
0,289
0,319
0,288
0,479
0,287
0,412
0,286
0,318
0,285
0,346
0,284
0,283
0,381
0,282
0,405
0,281
0,309
0,280
0,416
0,279
0,385
2,10
2,11
2,14
2,15
2,17
2,18
2,20
2,22
2,23
2,25
2,26
2,28
2,30
2,31
2,33
2,34
2,64
2,65
2,67
2,69
2,70
2,72
2,73
2,75
2,77
2,78
2,80
2,81
2,83
2,84
2,86
2,88
2,89
2,91
2,92
2,94
2,96
2,97
2,99
2,100
2,102
2,103
2,106
2,108
2,109
2,111
2,112
2,114
2,116
2,117
2,119
2,120
2,122
2,124
2,125
2,127
2,128
2,130
2,131
2,133
2,135
3,0
3,2
3,3
3,5
4,0
4,1
4,3
24,0
24,3
24,4
24,6
24,8
24,9
25,1
25,2
25,4
25,6
25,7
25,9
25,10
25,12
25,13
25,15
25,17
25,18
25,20
25,21
25,23
26,0
26,1
26,3
26,4
26,12
26,16
26,17
26,22
26,23
27,1
27,3
27,5
27,20
27,23
27,25
28,0
28,2
28,4
28,5
28,7
28,8
29,1
29,3
30,0
30,3
31,0
31,3
31,4
32,1
32,4
32,5
33,1
33,3
34,0
34,1
34,3
34,5
34,6
35,1
35,3
35,5
35,7
36,0
36,2
36,3
36,5
36,6
36,8
37,0
37,1
37,4
37,5
38,1
38,3
38,4
39,1
39,3
40,1
40,3
40,4
41,0
41,1
41,4
41,5
42,1
42,4
42,5
43,1
43,2
43,4
43,6
43,7
43,9
43,10
43,12
43,13
43,15
44,1
44,3
45,1
45,3
46,1
47,0
47,1
48,0
48,1
49,0
49,1
50,0
50,3
50,5
51,1
51,3
51,5
52,1
52,3
53,0
53,1
54,0
54,3
54,4
55,0
55,1
55,5
56,0
56,3
56,5
56,6
57,1
57,3
58,0
58,3
58,4
59,0
59,1
59,4
60,0
60,2
60,4
61,2
62,1
62,2
62,4
62,6
62,7
62,9
62,10
62,12
62,13
62,15
62,17
62,18
63,1
63,2
63,4
64,0
64,1
64,3
64,4
64,6
65,0
65,3
66,1
66,3
67,0
67,1
68,0
68,3
69,0
69,3
70,0
70,3
71,1
71,3
72,1
72,3
73,1
73,3
74,1
75,0
75,1
75,5
76,0
76,2
76,4
76,5
77,0
77,1
78,0
78,1
78,4
78,6
78,7
78,9
78,10
79,0
79,3
80,0
80,3
81,0
81,3
82,0
82,3
83,1
83,3
83,5
83,6
83,8
83,10
84,0
84,2
84,3
84,5
84,7
84,8
84,10
84,11
84,13
84,14
84,16
84,20
84,21
84,23
84,24
84,28
84,31
84,33
84,35
84,36
84,38
84,39
84,41
85,0
85,1
85,4
85,5
86,0
86,3
86,4
87,1
87,3
88,1
88,3
89,1
89,4
90,0
90,2
90,3
90,5
90,7
91,0
91,2
91,3
91,5
91,7
92,0
92,2
92,3
92,5
92,6
93,1
93,3
93,4
94,0
94,1
94,3
94,5
94,6
95,1
95,3
95,5
96,0
96,2
96,4
97,0
97,3
97,4
98,1
98,4
99,0
99,2
99,3
99,5
99,6
100,0
100,2
100,3
100,5
100,6
101,1
101,3
101,4
102,1
102,3
103,1
103,3
104,1
105,0
105,1
106,0
106,1
107,0
107,3
108,0
108,3
109,0
109,3
110,1
110,3
111,1
111,3
112,1
112,3
113,1
114,0
114,1
115,0
115,1
116,0
116,3
117,0
117,3
117,4
118,1
118,3
119,1
120,0
120,1
120,4
120,5
121,1
121,4
121,5
122,1
122,2
122,4
122,5
122,7
122,9
122,10
122,12
123,0
123,3
123,5
123,6
124,1
124,3
125,1
125,3
125,4
125,6
125,7
125,9
126,0
126,2
126,4
126,5
126,7
126,8
126,10
127,0
127,1
128,0
128,1
129,0
129,1
130,0
130,3
131,0
131,3
131,4
132,1
132,4
132,5
133,0
133,1
134,0
134,1
134,4
134,7
135,0
135,3
135,5
136,1
136,5
137,0
137,3
137,4
138,0
138,1
139,0
139,3
139,4
140,1
140,3
141,1
142,0
142,1
143,0
143,1
143,3
143,5
144,0
144,3
144,4
145,1
145,3
146,1
147,0
147,1
148,0
148,1
149,0
149,3
150,0
150,3
150,4
151,1
151,3
152,1
152,3
152,7
152,9
152,11
152,12
152,14
152,15
153,1
153,3
154,0
154,3
155,0
155,3
156,0
156,3
157,0
157,1
158,0
158,1
159,0
159,3
159,4
160,1
160,3
160,5
160,7
161,1
161,4
161,6
162,1
162,3
163,0
163,3
164,0
164,3
164,4
164,6
164,7
164,9
164,11
164,12
164,14
165,0
165,3
165,5
165,6
166,0
166,1
167,0
167,1
167,6
168,1
168,3
169,1
169,3
170,1
171,0
171,1
172,0
172,1
173,0
173,1
173,5
173,7
174,0
174,3
175,0
175,3
176,1
176,3
177,1
177,2
177,4
178,0
178,1
179,0
179,1
180,0
180,1
181,0
181,3
182,0
182,3
183,0
183,3
184,1
184,3
185,0
185,1
186,0
186,1
187,0
187,3
188,0
188,3
188,4
189,0
189,3
190,0
190,3
191,0
191,3
192,0
192,3
193,1
193,3
194,1
194,3
195,1
196,0
196,1
197,0
197,1
198,0
198,3
199,0
199,3
199,4
199,6
200,0
200,3
201,1
201,3
202,1
202,3
203,1
204,0
204,1
205,0
205,1
206,0
206,1
207,0
207,3
207,4
207,6
208,0
208,3
209,1
209,3
210,1
210,3
211,1
211,3
212,1
213,0
213,1
214,0
214,1
215,0
215,3
216,0
216,3
217,0
217,3
218,1
218,3
219,1
219,3
220,1
220,3
220,5
221,0
221,1
222,0
222,1
223,0
223,3
224,0
224,3
225,0
225,3
225,4
226,1
226,4
227,0
227,3
228,0
228,3
228,6
229,0
229,3
230,0
230,3
231,0
231,3
232,1
232,3
233,1
233,3
234,1
235,0
235,1
236,0
236,1
237,0
237,1
237,4
237,6
238,0
238,3
238,4
239,1
240,0
240,1
241,0
241,1
242,0
242,3
243,0
243,3
244,0
244,3
245,0
245,3
246,1
246,3
246,6
247,0
247,3
248,1
248,3
249,1
249,3
250,1
250,3
251,1
252,0
252,1
253,0
253,1
254,0
254,3
255,0
255,3
256,0
256,3
257,0
257,3
258,1
258,3
259,1
259,3
260,1
261,0
261,1
262,0
262,1
263,0
263,3
264,0
264,3
265,0
265,3
265,4
266,0
266,3
267,0
267,3
268,0
268,3
269,1
269,3
270,1
270,3
271,1
271,3
272,1
273,0
273,1
274,0
274,1
275,0
275,3
276,0
276,3
277,0
277,3
278,0
278,3
279,1
279,3
280,1
280,3
281,1
282,0
282,1
283,0
283,1
284,0
284,1
284,3
285,0
285,1
286,0
286,1
287,0
287,3
288,0
288,3
289,0
289,3
290,1
290,3
291,1
291,3
291,5
292,0
292,3
292,5
292,7
293,0
293,1
293,4
293,7
294,0
294,2
294,3
294,5
294,6
295,0
295,3
296,0
296,3
296,5
297,0
297,3
297,4
298,0
298,1
299,0
299,1
300,0
300,3
301,0
301,3
302,0
302,3
303,1
303,3
304,1
304,3
305,1
306,0
306,1
307,0
307,1
308,0
308,1
309,0
309,3
310,0
310,3
311,0
311,3
312,0
312,1
313,0
313,1
314,0
314,1
315,0
315,3
316,0
316,3
317,0
317,3
318,1
318,3
319,1
319,3
320,1
320,3
321,1
322,0
322,1
323,0
323,1
323,3
324,0
324,1
324,6
325,0
325,3
326,0
326,3
327,1
327,3
327,5
328,0
328,3
329,1
329,3
330,0
330,1
331,0
331,3
332,0
332,3
333,0
333,3
334,0
334,3
335,1
335,3
336,1
336,3
337,1
338,0
338,1
339,0
339,1
340,0
340,1
341,0
341,3
342,0
342,3
343,0
343,3
344,1
344,3
345,1
345,3
346,1
346,3
347,1
348,0
348,1
349,0
349,1
350,0
350,3
351,0
351,3
352,0
352,3
353,1
353,3
354,1
354,3
355,0
355,1
356,0
356,3
357,0
357,3
358,0
358,3
359,1
359,3
360,1
360,3
361,0
361,1
361,3
361,5
362,0
362,3
362,4
363,0
363,3
363,4
364,1
364,3
364,5
364,6
365,1
365,4
365,5
365,7
365,8
366,1
367,0
367,1
368,0
368,1
368,3
369,0
369,1
370,0
370,1
371,0
371,1
372,0
372,3
373,0
373,3
374,0
374,3
375,1
375,3
376,1
376,3
377,1
377,3
378,1
379,0
379,1
380,0
380,1
381,0
381,3
382,0
382,3
383,0
383,3
384,0
384,3
385,1
385,2
385,4
386,0
386,3
387,1
387,3
388,1
388,3
389,1
389,3
390,1
391,0
391,1
392,0
392,1
393,0
393,3
394,0
394,3
395,0
395,3
396,1
396,3
397,1
397,3
398,1
398,3
399,1
400,0
400,1
401,0
401,1
402,0
402,3
403,0
403,3
404,0
404,3
405,0
405,3
406,1
406,3
407,1
407,3
408,1
409,0
409,1
410,0
410,1
411,0
411,1
412,0
412,3
413,0
413,3
414,0
414,3
415,1
415,3
416,1
416,3
417,1
418,0
418,1
419,0
419,1
420,0
420,1
420,4
421,1
421,2
421,4
422,0
422,2
422,4
422,5
422,7
423,0
423,3
424,0
424,3
425,1
425,3
426,1
426,3
427,1
428,0
428,1
429,0
429,1
430,0
430,1
431,0
431,3
432,0
432,3
433,0
433,3
434,1
434,3
436,1
436,3
445,1
445,3
448,1
449,0
449,1
450,0
450,1
451,0
451,3
452,0
452,3
453,0
453,3
454,1
454,3
455,1
455,3
456,1
456,3
457,1
458,0
458,1
459,0
459,1
460,0
460,3
461,0
461,3
462,0
462,3
463,0
463,3
464,1
464,3
465,1
465,3
466,1
467,0
467,1
468,0
468,1
469,0
469,1
470,0
470,3
471,0
471,3
472,0
472,3
473,1
473,3
474,1
474,3
475,1
475,5
476,0
476,3
476,5
477,1
477,3
478,1
478,4
478,5
479,1
479,3
480,1
481,0
481,1
482,0
482,1
483,0
483,1
484,0
484,3
485,0
485,3
486,0
486,3
487,1
487,3
488,1
488,3
489,1
489,3
490,1
491,0
491,1
491,4
491,5
492,1
493,0
493,1
494,0
494,1
495,0
495,1
496,0
496,3
497,0
497,3
498,0
498,3
499,1
499,3
500,1
500,3
501,1
502,0
502,1
502,3
503,4
503,5
503,7
503,9
503,10
503,12
503,13
503,15
503,18
503,19
503,21
503,22
503,24
503,25
503,27
503,30
503,31
503,33
503,34
503,36
503,38
503,39
503,41
503,42
503,44
503,46
503,48
503,50
503,51
503,53
503,54
503,56
503,58
503,59
503,61
503,64
503,66
503,69
503,70
503,72
503,73
503,76
503,78
504,0
504,2
504,3
505,0
505,2
505,3
506,0
506,1
506,3
506,4
507,0
507,2
507,3
507,5
507,6
508,1
508,3
508,4
508,6
83,2
328,4
328,6
327,6
329,4
167,5
48,4
48,6
49,4
49,7
160,2
181,4
160,6
49,6
48,5
306,4
330,4
328,5
35,2
181,5
508,5
508,2
508,0
507,4
507,1
506,5
506,2
505,4
505,1
504,4
504,1
503,77
503,74
503,71
503,68
503,65
503,63
503,60
503,57
503,55
503,52
503,49
503,47
503,43
503,40
503,37
503,35
503,32
503,28
503,26
503,23
503,20
503,16
503,14
503,11
503,8
503,6
503,2
502,2
501,3
501,0
500,0
499,0
498,1
497,1
496,1
495,3
494,3
493,3
492,3
492,0
491,3
490,3
490,0
489,0
488,0
487,0
486,1
485,1
484,1
483,3
482,3
481,3
480,3
480,0
479,0
478,3
478,0
477,0
476,1
475,3
475,0
474,0
473,0
472,1
471,1
470,1
469,3
468,3
467,3
466,3
466,0
465,0
464,0
463,1
462,1
461,1
460,1
459,3
458,3
457,3
457,0
456,0
455,0
454,0
453,1
452,1
451,1
450,3
449,3
448,3
448,0
445,0
436,0
434,0
433,1
432,1
431,1
430,3
429,3
428,3
427,3
427,0
426,0
425,0
424,1
423,1
422,6
422,3
422,1
421,3
421,0
420,3
419,3
418,3
417,3
417,0
416,0
415,0
414,1
413,1
412,1
411,3
410,3
409,3
408,3
408,0
407,0
406,0
405,1
404,1
403,1
402,1
401,3
400,3
399,3
399,0
398,0
397,0
396,0
395,1
394,1
393,1
392,3
391,3
390,3
390,0
389,0
388,0
387,0
386,1
385,3
385,0
384,1
383,1
382,1
381,1
380,3
379,3
378,3
378,0
377,0
376,0
375,0
374,1
373,1
372,1
371,3
370,3
369,3
368,4
368,2
367,3
366,3
366,0
365,6
365,3
365,0
364,4
364,0
363,1
362,5
362,1
361,4
361,2
360,4
360,0
359,0
358,1
357,1
356,1
355,3
354,5
354,0
353,0
352,1
351,1
350,1
349,3
348,3
347,3
347,0
346,0
345,0
344,0
343,1
342,1
341,1
340,3
339,3
338,3
337,3
337,0
336,0
335,0
334,1
333,1
332,1
331,1
330,3
329,7
329,0
328,1
327,4
327,0
326,1
325,1
324,3
323,4
323,2
322,3
321,3
321,0
320,0
319,0
318,0
317,1
316,1
315,1
314,3
313,3
312,3
311,4
311,1
310,1
309,1
308,3
307,3
306,3
305,3
305,0
304,0
303,0
302,1
301,1
300,1
299,3
298,3
297,6
297,1
296,6
296,1
295,1
294,7
294,4
294,1
293,5
293,3
292,8
292,4
292,1
291,4
291,0
290,0
289,1
288,1
287,1
286,3
285,3
284,4
284,2
283,3
282,3
281,3
281,0
280,0
279,0
278,1
277,1
276,1
275,1
274,3
273,3
272,3
272,0
271,0
270,0
269,0
268,1
267,1
266,1
265,5
265,1
264,1
263,1
262,3
261,3
260,3
260,0
259,0
258,0
257,1
256,1
255,1
254,1
253,3
252,3
251,3
251,0
250,0
249,0
248,0
247,1
246,5
246,0
245,1
244,1
243,1
242,1
241,3
240,3
239,3
239,0
238,1
237,5
237,3
236,3
235,3
234,3
234,0
233,0
232,0
231,1
230,1
229,1
228,4
228,1
227,1
226,3
226,0
225,1
224,1
223,1
222,3
221,3
220,6
220,4
220,0
219,0
218,0
217,1
216,1
215,1
214,3
213,3
212,3
212,0
211,0
210,0
209,0
208,1
207,5
207,1
206,3
205,3
204,3
203,3
203,0
202,0
201,0
200,1
199,5
199,1
198,1
197,3
196,3
195,3
195,0
194,0
193,0
192,1
191,1
190,1
189,1
188,5
188,1
187,1
186,3
185,3
184,6
184,0
183,1
182,1
181,1
180,3
179,3
178,3
177,5
177,3
177,0
176,0
175,1
174,1
173,6
173,3
172,3
171,3
170,3
170,0
169,0
168,0
167,3
166,3
165,7
165,4
165,1
164,13
164,10
164,8
164,5
164,1
163,1
162,4
162,0
161,3
161,0
160,4
160,0
159,1
158,3
157,3
156,5
156,1
155,1
154,1
153,4
153,0
152,13
152,10
152,8
152,5
152,2
152,0
151,0
150,1
149,1
148,3
147,3
146,3
146,0
145,0
144,1
143,4
143,2
142,3
141,3
141,0
140,0
139,1
138,3
137,6
137,1
136,3
136,0
135,1
134,5
134,3
133,3
132,7
132,3
132,0
131,1
130,1
129,3
128,3
127,3
126,11
126,9
126,6
126,3
126,1
125,8
125,5
125,2
125,0
124,0
123,4
123,1
122,11
122,8
122,6
122,3
122,0
121,3
121,0
120,3
119,3
119,0
118,0
117,1
116,1
115,3
114,3
113,3
113,0
112,0
111,0
110,0
109,1
108,1
107,1
106,3
105,3
104,3
104,0
103,0
102,0
101,2
101,0
100,4
100,1
99,7
99,4
99,1
98,3
98,0
97,1
96,3
96,1
95,4
95,0
94,4
94,2
93,5
93,2
93,0
92,4
92,1
91,6
91,4
91,1
90,6
90,4
90,1
89,3
89,0
88,0
87,0
86,1
85,6
85,3
84,42
84,40
84,37
84,34
84,30
84,27
84,22
84,18
84,15
84,12
84,9
84,6
84,4
84,1
83,9
83,7
83,4
83,0
82,1
81,1
80,1
79,1
78,11
78,8
78,5
78,3
77,3
76,6
76,3
76,1
75,3
74,3
74,0
73,0
72,0
71,0
70,1
69,1
68,1
67,3
66,4
66,0
65,1
64,5
64,2
63,5
63,3
63,0
62,16
62,14
62,11
62,8
62,5
62,3
62,0
60,3
60,1
59,3
58,5
58,1
57,6
57,0
56,4
56,1
55,3
54,5
54,1
53,3
52,5
52,0
51,4
51,0
50,1
49,3
48,3
47,3
46,3
46,0
45,0
44,0
43,14
43,11
43,8
43,5
43,3
43,0
42,3
42,0
41,3
40,5
40,2
40,0
39,0
38,2
38,0
37,3
36,9
36,7
36,4
36,1
35,6
35,4
35,0
34,4
34,2
33,4
33,0
32,3
32,0
31,1
30,1
29,4
29,0
28,6
28,3
28,1
27,24
27,6
27,4
27,0
26,21
26,14
26,5
26,2
25,24
25,22
25,19
25,16
25,14
25,11
25,5
25,3
25,0
24,7
24,5
24,1
4,2
3,6
3,4
3,1
2,134
2,132
2,129
2,126
2,123
2,121
2,118
2,115
2,113
2,110
2,107
2,105
2,101
2,98
2,95
2,93
2,90
2,87
2,85
2,82
2,79
2,76
2,74
2,71
2,68
2,66
2,35
2,32
2,29
2,27
2,24
2,21
2,19
2,16
2,12
0,278
0,488
0,277
0,317
0,276
0,316
0,275
0,487
0,274
0,273
0,345
0,272
0,350
0,271
0,362
0,270
0,482
0,269
0,509
0,268
0,267
0,377
0,266
0,344
0,265
0,364
0,264
0,501
0,263
0,360
0,262
0,261
0,477
0,260
0,356
0,259
0,435
0,258
0,420
0,257
0,256
0,343
0,255
0,469
0,254
0,467
0,253
0,395
0,252
0,361
0,251
0,353
0,250
0,249
0,336
0,248
0,340
0,247
0,246
0,427
0,245
0,425
0,244
0,414
0,242
0,410
0,241
0,406
0,240
0,342
0,239
0,324
0,238
0,401
0,237
0,422
0,236
0,314
0,235
0,404
0,234
0,495
0,233
0,481
0,232
0,408
0,231
0,485
0,230
0,407
0,229
0,228
0,472
0,227
0,387
0,226
0,470
0,225
0,432
0,224
0,390
0,223
0,393
0,222
0,320
0,221
0,386
0,220
0,398
0,219
0,468
0,218
0,306
0,217
0,503
0,216
0,301
0,215
0,433
0,214
0,213
0,315
0,212
0,429
0,211
0,428
0,210
0,382
0,209
0,334
0,208
0,372
0,207
0,440
0,206
0,376
0,205
0,204
0,330
0,203
0,439
0,202
0,494
0,201
0,426
0,200
0,328
0,199
0,358
0,198
0,335
0,197
0,403
0,196
0,366
0,195
0,311
0,194
0,193
0,351
0,192
0,397
0,63
0,62
0,367
0,61
0,400
0,60
0,399
0,59
0,388
0,58
0,438
0,57
0,419
0,56
0,384
0,55
0,480
0,54
0,418
0,53
0,478
0,52
0,493
0,51
0,476
0,50
0,337
0,49
0,378
0,48
0,327
0,47
0,396
0,46
0,492
0,45
0,329
0,6
0,5
0,1
0,430
0,11
0,4
0,2
0,3
0,7
